Data y axis
1.329265
1.542421
1.382512
0.960348
0.437879
0.453472
0.374207
0.068344
-0.198102
-0.630202
-0.695004
-0.658010
-1.073588
-1.219429
-1.046054
-1.154338
-1.187131
-1.167811
-1.265677
-1.499511
-1.540122
-1.671259
-1.995167
-2.854814
-3.621448
-4.463774
-4.463964
-4.896061
-6.713450
-8.443979
-9.863465
-10.953385
-12.174534
-13.419533
-14.042071
-14.734372
-13.529838
-10.009384
-7.785620
-9.038751
-9.140618
-8.202909
-8.074465
-8.960426
-9.250320
-9.158669
-9.189005
-7.225840
-5.234190
-3.826768
-1.819456
-0.087302
0.773055
1.533735
1.356938
0.830462
0.481550
-0.458337
-1.256625
-2.145241
-3.704891
-4.698050
-6.070864
-6.579959
-7.269843
-8.551598
-9.815179
-9.379387
-9.852563
-10.759206
-10.727249
-10.524598
-11.548823
-11.191502
-11.060519
-10.023567
-9.657003
-9.287786
-8.524200
-7.847493
-6.570361
-5.459517
-5.048165
-4.677662
-4.361507
-4.045625
-3.904097
-3.547658
-3.309166
-3.674769
-4.827478
-6.400629
-6.880994
-7.350830
-7.756211
-8.109894
-7.944564
-8.683578
-9.763779
-10.300672
