Data z axis
1.045371
2.183206
2.347830
2.707145
3.338274
3.073636
2.563559
2.080977
1.439221
0.758900
0.197325
0.070159
-0.194409
-0.587562
-0.610840
-0.390751
-0.717547
-1.752028
-2.263099
-2.086261
-2.076560
-2.780722
-3.909298
-5.402271
-6.207822
-7.210791
-8.072128
-9.280149
-9.989578
-9.370678
-8.080632
-6.185358
-5.121933
-3.234568
-2.766347
0.883767
5.416266
6.630960
3.181454
1.062021
3.159811
6.472846
6.975781
7.952421
8.845520
9.161287
10.557064
11.511682
10.150668
7.484980
6.182460
5.658479
4.636423
2.869767
2.008564
2.919825
4.409102
6.603703
7.955483
10.231138
12.752345
13.602672
12.161077
11.900198
11.951196
10.720585
8.746338
6.869571
3.934489
2.191526
3.626740
3.395716
0.292249
-0.674421
-0.703100
-1.621932
-3.233158
-5.073982
-6.636002
-7.519730
-8.514713
-10.118043
-11.575546
-11.592625
-11.339124
-11.178981
-10.787770
-10.423001
-9.719410
-8.971653
-7.316537
-4.239321
-1.843304
-0.630409
-0.706887
-0.288005
0.391458
0.838126
2.417365
5.545780
