Data x axis
0.099126
0.254156
-0.008896
-0.377654
-0.630028
-0.624300
-0.088787
0.096630
0.006992
-0.463269
-0.394695
-0.126353
-0.309929
-0.307979
0.009857
0.062560
0.254949
0.212038
0.190341
0.344876
1.032505
1.299425
1.155902
0.632108
0.468287
0.089656
1.240908
2.161775
1.111325
0.420148
0.769655
0.781013
0.049594
0.273332
1.416696
-0.903691
-2.309323
-1.119887
1.444790
0.139088
-0.973139
1.745901
3.095125
0.925795
-0.761717
-1.236051
-0.302639
0.054231
-0.145128
0.345336
1.815201
2.098507
1.199747
0.720439
0.889528
0.691205
1.762730
1.081080
2.084476
3.300533
1.802150
0.884111
1.917344
2.236860
0.961896
0.622706
0.899873
1.718023
0.579640
-0.468057
0.037652
1.054003
0.275363
-0.181879
0.082991
1.211994
0.741762
-0.396921
-0.925822
-1.378796
-1.229067
-1.002782
-1.440535
-1.602643
-1.440281
-1.429416
-1.919583
-2.023709
-1.903869
-1.881242
-2.311176
-3.117372
-3.401649
-3.706880
-3.687168
-2.795375
-1.855062
-3.074139
-3.853827
-4.569879
